/Playground/course5/module2/code/stability_of_assembly.py:100: DeprecationWarning: `method='interior-point'` is deprecated and will be removed in SciPy 1.11.0. Please use one of the HiGHS solvers (e.g. `method='highs'`) in new code.
  res = linprog(c=c, A_ub=A_ub, b_ub=b_ub, A_eq=A_eq, b_eq=b_eq, method='interior-point')
assembly will collapse


.Testing Assembly can continue to stand scenario:
assembly remain standing, k is:
[ 0.     6.087 47.645 37.574 14.747 12.644  3.348 15.522]
F is
[[ 26.833  80.498   0.      0.      0.      0.      0.      0.   ]
 [ -0.894  -0.894   0.      0.      0.      0.     -0.447   0.447]
 [ -0.447   0.447   0.      0.      0.      0.      0.894   0.894]
 [-26.833 -80.498  64.399  64.399  53.666  53.666   0.      0.   ]
 [  0.894   0.894  -0.447   0.447  -0.447   0.447   0.      0.   ]
 [  0.447  -0.447   0.894   0.894   0.894   0.894   0.      0.   ]]
F*k is
[[   0.     490.       0.       0.       0.       0.       0.       0.   ]
 [  -0.      -5.444    0.       0.       0.       0.      -1.497    6.942]
 [  -0.       2.722    0.       0.       0.       0.       2.994   13.883]
 [  -0.    -490.    3068.289 2419.711  791.426  678.574    0.       0.   ]
 [   0.       5.444  -21.308   16.804   -6.595    5.655    0.       0.   ]
 [   0.      -2.722   42.615   33.607   13.19    11.31     0.       0.   ]]
F_ext is
[[ -490. ]
 [    0. ]
 [  -19.6]
 [-6468. ]
 [    0. ]
 [  -98. ]]


.Testing Three Body Arch can continue to stand scenario with mu = 0.5:
assembly remain standing, k is:
[ 8.628 43.825 37.377 74.522 23.894  0.    34.823  0.     0.    34.823  0.    23.894 74.522 37.377 43.825  8.628]
F is
[[-178.885 -178.885  -89.443  -89.443   89.443   89.443  178.885  178.885    0.       0.       0.       0.       0.       0.       0.       0.   ]
 [  -0.447    0.447   -0.447    0.447   -0.551   -0.998   -0.551   -0.998    0.       0.       0.       0.       0.       0.       0.       0.   ]
 [   0.894    0.894    0.894    0.894   -0.835   -0.06    -0.835   -0.06     0.       0.       0.       0.       0.       0.       0.       0.   ]
 [   0.       0.       0.       0.       0.       0.       0.       0.    -178.885 -178.885  -89.443  -89.443   89.443   89.443  178.885  178.885]
 [   0.       0.       0.       0.       0.       0.       0.       0.       0.998    0.551    0.998    0.551   -0.447    0.447   -0.447    0.447]
 [   0.       0.       0.       0.       0.       0.       0.       0.      -0.06    -0.835   -0.06    -0.835    0.894    0.894    0.894    0.894]
 [   0.       0.       0.       0.     -89.443  -89.443 -178.885 -178.885  178.885  178.885   89.443   89.443    0.       0.       0.       0.   ]
 [   0.       0.       0.       0.       0.551    0.998    0.551    0.998   -0.998   -0.551   -0.998   -0.551    0.       0.       0.       0.   ]
 [   0.       0.       0.       0.       0.835    0.06     0.835    0.06     0.06     0.835    0.06     0.835    0.       0.       0.       0.   ]]
F*k is
[[-1543.382 -7839.569 -3343.064 -6665.46   2137.133     0.     6229.343     0.        0.        0.        0.        0.        0.        0.        0.        0.   ]
 [   -3.858    19.599   -16.715    33.327   -13.165    -0.      -19.187    -0.        0.        0.        0.        0.        0.        0.        0.        0.   ]
 [    7.717    39.198    33.431    66.655   -19.94     -0.      -29.06     -0.        0.        0.        0.        0.        0.        0.        0.        0.   ]
 [    0.        0.        0.        0.        0.        0.        0.        0.       -0.    -6229.343    -0.    -2137.133  6665.46   3343.064  7839.569  1543.382]
 [    0.        0.        0.        0.        0.        0.        0.        0.        0.       19.187     0.       13.165   -33.327    16.715   -19.599     3.858]
 [    0.        0.        0.        0.        0.        0.        0.        0.       -0.      -29.06     -0.      -19.94     66.655    33.431    39.198     7.717]
 [    0.        0.        0.        0.    -2137.133    -0.    -6229.343    -0.        0.     6229.343     0.     2137.133     0.        0.        0.        0.   ]
 [    0.        0.        0.        0.       13.165     0.       19.187     0.       -0.      -19.187    -0.      -13.165     0.        0.        0.        0.   ]
 [    0.        0.        0.        0.       19.94      0.       29.06      0.        0.       29.06      0.       19.94      0.        0.        0.        0.   ]]
F_ext is
[[ 11025.]
 [     0.]
 [   -98.]
 [-11025.]
 [     0.]
 [   -98.]
 [    -0.]
 [     0.]
 [   -98.]]


Testing Three Body Arch scenario with mu = 0.45:
assembly remain standing, k is:
[ 8.054 49.741 29.53  73.873 22.693  0.    37.701  0.     0.    37.701  0.    22.693 73.873 29.53  49.741  8.054]
F is
[[-182.384 -182.384  -91.192  -91.192   91.192   91.192  182.384  182.384    0.       0.       0.       0.       0.       0.       0.       0.   ]
 [  -0.41     0.41    -0.41     0.41    -0.585   -0.995   -0.585   -0.995    0.       0.       0.       0.       0.       0.       0.       0.   ]
 [   0.912    0.912    0.912    0.912   -0.811   -0.101   -0.811   -0.101    0.       0.       0.       0.       0.       0.       0.       0.   ]
 [   0.       0.       0.       0.       0.       0.       0.       0.    -182.384 -182.384  -91.192  -91.192   91.192   91.192  182.384  182.384]
 [   0.       0.       0.       0.       0.       0.       0.       0.       0.995    0.585    0.995    0.585   -0.41     0.41    -0.41     0.41 ]
 [   0.       0.       0.       0.       0.       0.       0.       0.      -0.101   -0.811   -0.101   -0.811    0.912    0.912    0.912    0.912]
 [   0.       0.       0.       0.     -91.192  -91.192 -182.384 -182.384  182.384  182.384   91.192   91.192    0.       0.       0.       0.   ]
 [   0.       0.       0.       0.       0.585    0.995    0.585    0.995   -0.995   -0.585   -0.995   -0.585    0.       0.       0.       0.   ]
 [   0.       0.       0.       0.       0.811    0.101    0.811    0.101    0.101    0.811    0.101    0.811    0.       0.       0.       0.   ]]
F*k is
[[-1468.853 -9071.973 -2692.923 -6736.664  2069.395     0.     6876.018     0.        0.        0.        0.        0.        0.        0.        0.        0.   ]
 [   -3.305    20.412   -12.118    30.315   -13.265    -0.      -22.039    -0.        0.        0.        0.        0.        0.        0.        0.        0.   ]
 [    7.344    45.36     26.929    67.367   -18.412    -0.      -30.588    -0.        0.        0.        0.        0.        0.        0.        0.        0.   ]
 [    0.        0.        0.        0.        0.        0.        0.        0.       -0.    -6876.018    -0.    -2069.395  6736.664  2692.923  9071.973  1468.853]
 [    0.        0.        0.        0.        0.        0.        0.        0.        0.       22.039     0.       13.265   -30.315    12.118   -20.412     3.305]
 [    0.        0.        0.        0.        0.        0.        0.        0.       -0.      -30.588    -0.      -18.412    67.367    26.929    45.36      7.344]
 [    0.        0.        0.        0.    -2069.395    -0.    -6876.018    -0.        0.     6876.018     0.     2069.395     0.        0.        0.        0.   ]
 [    0.        0.        0.        0.       13.265     0.       22.039     0.       -0.      -22.039    -0.      -13.265     0.        0.        0.        0.   ]
 [    0.        0.        0.        0.       18.412     0.       30.588     0.        0.       30.588     0.       18.412     0.        0.        0.        0.   ]]
F_ext is
[[ 11025.]
 [     0.]
 [   -98.]
 [-11025.]
 [     0.]
 [   -98.]
 [    -0.]
 [     0.]
 [   -98.]]


Testing Three Body Arch scenario with mu = 0.40:
assembly will collapse


.
----------------------------------------------------------------------
Ran 3 tests in 0.043s

OK
